# unix_time, cycles_done, cur_path, paths_total, pending_total, pending_favs, map_size, unique_crashes, unique_hangs, max_depth, execs_per_sec
1684411687, 0, 0, 1, 1, 1, 0.02%, 0, 0, 1, 1600.00
1684411693, 1, 3, 16, 12, 0, 0.02%, 0, 0, 3, 6223.42
1684411698, 1, 19, 20, 12, 0, 0.02%, 0, 0, 5, 6922.90
1684411703, 1, 19, 23, 15, 0, 0.02%, 0, 0, 6, 7017.78
1684411708, 3, 14, 23, 6, 0, 0.02%, 0, 0, 6, 7414.20
1684411713, 5, 20, 23, 4, 0, 0.02%, 0, 0, 6, 7220.10
1684411718, 8, 17, 23, 2, 0, 0.02%, 0, 0, 6, 7342.10
1684411723, 22, 5, 23, 0, 0, 0.02%, 0, 0, 6, 7432.21
1684411729, 38, 14, 23, 0, 0, 0.02%, 0, 0, 6, 7074.77
1684411734, 58, 3, 23, 0, 0, 0.02%, 0, 0, 6, 7203.74
1684411739, 74, 15, 23, 0, 0, 0.02%, 0, 0, 6, 7357.83
1684411744, 93, 15, 23, 0, 0, 0.02%, 0, 0, 6, 7448.12
1684411749, 112, 14, 23, 0, 0, 0.02%, 0, 0, 6, 7582.92
1684411754, 134, 3, 23, 0, 0, 0.02%, 0, 0, 6, 7639.06
1684411759, 154, 14, 23, 0, 0, 0.02%, 0, 0, 6, 7578.17
1684411764, 175, 14, 23, 0, 0, 0.02%, 0, 0, 6, 7561.01
1684411769, 194, 21, 23, 0, 0, 0.02%, 0, 0, 6, 7324.50
1684411775, 216, 14, 23, 0, 0, 0.02%, 0, 0, 6, 7232.21
1684411780, 233, 10, 23, 0, 0, 0.02%, 0, 0, 6, 7262.61
1684411785, 253, 9, 23, 0, 0, 0.02%, 0, 0, 6, 7384.84
1684411790, 272, 20, 23, 0, 0, 0.02%, 0, 0, 6, 7511.63
1684411795, 289, 4, 23, 0, 0, 0.02%, 0, 0, 6, 7203.80
1684411800, 307, 13, 23, 0, 0, 0.02%, 0, 0, 6, 7079.56
1684411805, 320, 23, 24, 1, 0, 0.02%, 0, 0, 6, 7318.73
1684411810, 333, 7, 24, 0, 0, 0.02%, 0, 0, 6, 7350.67
1684411816, 350, 23, 24, 0, 0, 0.02%, 0, 0, 6, 7396.50
1684411821, 368, 18, 24, 0, 0, 0.02%, 0, 0, 6, 7404.62
1684411826, 382, 5, 24, 0, 0, 0.02%, 0, 0, 6, 7297.60
1684411831, 399, 14, 24, 0, 0, 0.02%, 0, 0, 6, 7384.80
1684411836, 417, 14, 24, 0, 0, 0.02%, 0, 0, 6, 7380.23
1684411841, 436, 2, 24, 0, 0, 0.02%, 0, 0, 6, 7437.44
1684411846, 451, 5, 24, 0, 0, 0.02%, 0, 0, 6, 7253.61
1684411851, 467, 12, 24, 0, 0, 0.02%, 0, 0, 6, 7225.20
1684411856, 482, 22, 24, 0, 0, 0.02%, 0, 0, 6, 7294.40
1684411862, 501, 14, 24, 0, 0, 0.02%, 0, 0, 6, 7434.64
1684411867, 518, 20, 24, 0, 0, 0.02%, 0, 0, 6, 7327.77
1684411872, 531, 19, 24, 0, 0, 0.02%, 0, 0, 6, 7378.17
1684411877, 551, 14, 24, 0, 0, 0.02%, 0, 0, 6, 7483.73
1684411882, 567, 16, 24, 0, 0, 0.02%, 0, 0, 6, 7389.23
1684411887, 585, 23, 24, 0, 0, 0.02%, 0, 0, 6, 7418.64
1684411892, 604, 14, 24, 0, 0, 0.02%, 0, 0, 6, 7380.28
1684411897, 626, 5, 24, 0, 0, 0.02%, 0, 0, 6, 7311.59
1684411902, 643, 8, 24, 0, 0, 0.02%, 0, 0, 6, 7307.04
1684411908, 658, 5, 24, 0, 0, 0.02%, 0, 0, 6, 7400.28
1684411913, 679, 1, 24, 0, 0, 0.02%, 0, 0, 6, 7463.52
1684411918, 694, 11, 24, 0, 0, 0.02%, 0, 0, 6, 7424.06
1684411923, 709, 23, 24, 0, 0, 0.02%, 0, 0, 6, 7417.19
1684411928, 730, 5, 24, 0, 0, 0.02%, 0, 0, 6, 7536.66
1684411933, 746, 14, 24, 0, 0, 0.02%, 0, 0, 6, 7367.05
1684411938, 763, 5, 24, 0, 0, 0.02%, 0, 0, 6, 7443.11
1684411944, 779, 5, 24, 0, 0, 0.02%, 0, 0, 6, 7286.72
1684411949, 800, 3, 24, 0, 0, 0.02%, 0, 0, 6, 7309.61
1684411954, 816, 22, 24, 0, 0, 0.02%, 0, 0, 6, 7384.27
1684411959, 829, 14, 24, 0, 0, 0.02%, 0, 0, 6, 7322.58
1684411964, 844, 20, 24, 0, 0, 0.02%, 0, 0, 6, 7322.48
1684411969, 856, 18, 24, 0, 0, 0.02%, 0, 0, 6, 7223.94
1684411974, 872, 2, 24, 0, 0, 0.02%, 0, 0, 6, 7386.10
1684411979, 886, 14, 24, 0, 0, 0.02%, 0, 0, 6, 7616.90
1684411985, 900, 20, 24, 0, 0, 0.02%, 0, 0, 6, 7094.30
1684411990, 914, 17, 24, 0, 0, 0.02%, 0, 0, 6, 6850.64
1684411995, 930, 18, 24, 0, 0, 0.02%, 0, 0, 6, 7367.88
1684412000, 948, 5, 24, 0, 0, 0.02%, 0, 0, 6, 7129.88
1684412005, 964, 22, 24, 0, 0, 0.02%, 0, 0, 6, 7416.74
1684412010, 981, 14, 24, 0, 0, 0.02%, 0, 0, 6, 7386.53
1684412015, 996, 23, 24, 0, 0, 0.02%, 0, 0, 6, 7381.97
1684412020, 1011, 5, 24, 0, 0, 0.02%, 0, 0, 6, 7450.19
1684412026, 1026, 14, 24, 0, 0, 0.02%, 0, 0, 6, 7482.02
1684412031, 1043, 14, 24, 0, 0, 0.02%, 0, 0, 6, 7535.50
1684412036, 1055, 14, 24, 0, 0, 0.02%, 0, 0, 6, 7275.01
1684412041, 1074, 23, 24, 0, 0, 0.02%, 0, 0, 6, 7170.26
1684412046, 1093, 5, 24, 0, 0, 0.02%, 0, 0, 6, 7387.36
1684412051, 1111, 22, 24, 0, 0, 0.02%, 0, 0, 6, 7303.81
1684412056, 1128, 10, 24, 0, 0, 0.02%, 0, 0, 6, 7442.78
1684412061, 1145, 5, 24, 0, 0, 0.02%, 0, 0, 6, 7441.36
1684412067, 1163, 5, 24, 0, 0, 0.02%, 0, 0, 6, 7444.22
1684412072, 1178, 14, 24, 0, 0, 0.02%, 0, 0, 6, 7367.56
1684412077, 1198, 3, 24, 0, 0, 0.02%, 0, 0, 6, 7347.23
1684412082, 1216, 14, 24, 0, 0, 0.02%, 0, 0, 6, 7285.84
1684412087, 1235, 0, 24, 0, 0, 0.02%, 0, 0, 6, 7328.11
1684412092, 1254, 20, 24, 0, 0, 0.02%, 0, 0, 6, 7252.59
1684412097, 1273, 5, 24, 0, 0, 0.02%, 0, 0, 6, 7375.06
1684412102, 1289, 7, 24, 0, 0, 0.02%, 0, 0, 6, 7349.50
1684412107, 1304, 14, 24, 0, 0, 0.02%, 0, 0, 6, 7416.82
1684412113, 1320, 19, 24, 0, 0, 0.02%, 0, 0, 6, 7466.80
1684412118, 1338, 14, 24, 0, 0, 0.02%, 0, 0, 6, 7463.54
1684412123, 1353, 5, 24, 0, 0, 0.02%, 0, 1, 6, 7417.66
1684412128, 1369, 14, 24, 0, 0, 0.02%, 0, 1, 6, 7134.27
1684412133, 1383, 22, 24, 0, 0, 0.02%, 0, 1, 6, 7203.40
1684412138, 1403, 15, 24, 0, 0, 0.02%, 0, 1, 6, 7402.26
1684412143, 1419, 14, 24, 0, 0, 0.02%, 0, 1, 6, 7488.13
1684412148, 1436, 6, 24, 0, 0, 0.02%, 0, 1, 6, 7250.96
1684412153, 1451, 5, 24, 0, 0, 0.02%, 0, 1, 6, 7284.11
1684412159, 1467, 18, 24, 0, 0, 0.02%, 0, 1, 6, 7273.96
1684412164, 1484, 13, 24, 0, 0, 0.02%, 0, 1, 6, 7343.83
1684412169, 1504, 14, 24, 0, 0, 0.02%, 0, 1, 6, 7366.82
1684412174, 1521, 14, 24, 0, 0, 0.02%, 0, 1, 6, 7479.84
1684412179, 1538, 20, 24, 0, 0, 0.02%, 0, 1, 6, 7451.83
1684412184, 1554, 5, 24, 0, 0, 0.02%, 0, 1, 6, 6748.31
1684412189, 1570, 5, 24, 0, 0, 0.02%, 0, 1, 6, 7125.84
1684412194, 1583, 12, 24, 0, 0, 0.02%, 0, 1, 6, 7262.03
1684412200, 1604, 0, 24, 0, 0, 0.02%, 0, 1, 6, 7194.84
1684412205, 1625, 5, 24, 0, 0, 0.02%, 0, 1, 6, 7316.62
1684412210, 1646, 14, 24, 0, 0, 0.02%, 0, 1, 6, 7303.92
1684412215, 1664, 14, 24, 0, 0, 0.02%, 0, 1, 6, 7424.73
1684412220, 1681, 14, 24, 0, 0, 0.02%, 0, 1, 6, 7405.49
1684412225, 1699, 17, 24, 0, 0, 0.02%, 0, 1, 6, 7409.78
1684412230, 1716, 5, 24, 0, 0, 0.02%, 0, 1, 6, 7410.44
1684412235, 1736, 12, 24, 0, 0, 0.02%, 0, 1, 6, 7488.63
1684412240, 1753, 14, 24, 0, 0, 0.02%, 0, 1, 6, 7403.71
1684412246, 1771, 4, 24, 0, 0, 0.02%, 0, 1, 6, 7319.89
1684412251, 1787, 5, 24, 0, 0, 0.02%, 0, 1, 6, 7234.81
1684412256, 1797, 24, 25, 1, 0, 0.02%, 0, 1, 6, 7193.20
1684412266, 1811, 5, 25, 0, 0, 0.02%, 0, 1, 6, 6862.36
1684412271, 1825, 14, 25, 0, 0, 0.02%, 0, 1, 6, 7278.24
1684412276, 1839, 5, 25, 0, 0, 0.02%, 0, 1, 6, 6160.79
1684412281, 1851, 5, 25, 0, 0, 0.02%, 0, 1, 6, 5312.99
1684412287, 1865, 23, 25, 0, 0, 0.02%, 0, 1, 6, 5981.19
1684412292, 1878, 6, 25, 0, 0, 0.02%, 0, 1, 6, 5772.24
1684412297, 1891, 5, 25, 0, 0, 0.02%, 0, 1, 6, 6840.58
1684412302, 1906, 24, 25, 0, 0, 0.02%, 0, 1, 6, 6796.74
1684412307, 1918, 5, 25, 0, 0, 0.02%, 0, 1, 6, 6962.04
1684412312, 1933, 14, 25, 0, 0, 0.02%, 0, 1, 6, 7221.24
1684412317, 1948, 5, 25, 0, 0, 0.02%, 0, 1, 6, 7095.97
1684412322, 1965, 14, 25, 0, 0, 0.02%, 0, 1, 6, 7174.06
1684412328, 1985, 20, 25, 0, 0, 0.02%, 0, 1, 6, 7339.38
1684412333, 1999, 21, 25, 0, 0, 0.02%, 0, 1, 6, 7177.22
1684412338, 2018, 14, 25, 0, 0, 0.02%, 0, 1, 6, 6712.94
1684412343, 2035, 2, 25, 0, 0, 0.02%, 0, 1, 6, 6905.50
1684412348, 2047, 8, 25, 0, 0, 0.02%, 0, 1, 6, 7117.49
1684412353, 2062, 13, 25, 0, 0, 0.02%, 0, 1, 6, 7317.40
1684412358, 2078, 5, 25, 0, 0, 0.02%, 0, 1, 6, 7201.78
1684412363, 2092, 5, 25, 0, 0, 0.02%, 0, 1, 6, 7052.92
1684412369, 2109, 14, 25, 0, 0, 0.02%, 0, 1, 6, 7193.99
1684412374, 2127, 5, 25, 0, 0, 0.02%, 0, 1, 6, 7059.57
1684412379, 2141, 24, 25, 0, 0, 0.02%, 0, 1, 6, 7133.78
1684412384, 2153, 22, 25, 0, 0, 0.02%, 0, 1, 6, 7211.62
1684412389, 2170, 7, 25, 0, 0, 0.02%, 0, 1, 6, 6977.94
1684412394, 2182, 5, 25, 0, 0, 0.02%, 0, 1, 6, 7118.80
1684412399, 2198, 5, 25, 0, 0, 0.02%, 0, 1, 6, 7259.58
1684412405, 2214, 2, 25, 0, 0, 0.02%, 0, 1, 6, 7105.51
1684412410, 2231, 15, 25, 0, 0, 0.02%, 0, 1, 6, 7237.45
1684412415, 2247, 12, 25, 0, 0, 0.02%, 0, 1, 6, 7221.67
1684412420, 2257, 19, 25, 0, 0, 0.02%, 0, 1, 6, 7087.13
1684412425, 2267, 14, 25, 0, 0, 0.02%, 0, 1, 6, 6932.56
1684412430, 2288, 5, 25, 0, 0, 0.02%, 0, 1, 6, 7251.73
1684412435, 2303, 5, 25, 0, 0, 0.02%, 0, 1, 6, 7295.20
1684412440, 2320, 5, 25, 0, 0, 0.02%, 0, 1, 6, 7212.43
1684412446, 2334, 7, 25, 0, 0, 0.02%, 0, 1, 6, 6977.88
1684412451, 2349, 4, 25, 0, 0, 0.02%, 0, 1, 6, 6958.63
1684412456, 2364, 5, 25, 0, 0, 0.02%, 0, 1, 6, 6863.87
1684412461, 2380, 8, 25, 0, 0, 0.02%, 0, 1, 6, 7126.80
1684412466, 2395, 22, 25, 0, 0, 0.02%, 0, 1, 6, 7399.42
1684412471, 2416, 14, 25, 0, 0, 0.02%, 0, 1, 6, 7324.73
1684412476, 2433, 24, 25, 0, 0, 0.02%, 0, 1, 6, 6958.40
1684412481, 2450, 17, 25, 0, 0, 0.02%, 0, 1, 6, 7202.37
1684412486, 2467, 5, 25, 0, 0, 0.02%, 0, 1, 6, 7271.66
1684412492, 2482, 14, 25, 0, 0, 0.02%, 0, 1, 6, 7242.04
1684412497, 2493, 19, 25, 0, 0, 0.02%, 0, 1, 6, 7139.59
1684412502, 2513, 22, 25, 0, 0, 0.02%, 0, 1, 6, 7127.42
1684412507, 2529, 18, 25, 0, 0, 0.02%, 0, 1, 6, 7169.18
1684412512, 2542, 13, 25, 0, 0, 0.02%, 0, 1, 6, 6313.88
1684412517, 2554, 14, 25, 0, 0, 0.02%, 0, 1, 6, 5305.01
1684412523, 2567, 5, 25, 0, 0, 0.02%, 0, 1, 6, 5264.28
1684412528, 2578, 5, 25, 0, 0, 0.02%, 0, 1, 6, 4715.22
1684412533, 2590, 7, 25, 0, 0, 0.02%, 0, 1, 6, 5014.16
1684412538, 2602, 18, 25, 0, 0, 0.02%, 0, 1, 6, 5540.06
1684412543, 2617, 14, 25, 0, 0, 0.02%, 0, 1, 6, 6505.61
1684412548, 2633, 1, 25, 0, 0, 0.02%, 0, 1, 6, 7042.71
1684412553, 2646, 24, 25, 0, 0, 0.02%, 0, 1, 6, 7252.29
1684412558, 2661, 5, 25, 0, 0, 0.02%, 0, 1, 6, 7086.51
1684412564, 2673, 22, 25, 0, 0, 0.02%, 0, 1, 6, 7111.85
1684412569, 2695, 5, 25, 0, 0, 0.02%, 0, 1, 6, 7058.31
1684412574, 2711, 24, 25, 0, 0, 0.02%, 0, 1, 6, 6763.67
1684412579, 2724, 10, 25, 0, 0, 0.02%, 0, 1, 6, 6703.69
1684412584, 2740, 5, 25, 0, 0, 0.02%, 0, 1, 6, 7073.31
1684412589, 2750, 18, 25, 0, 0, 0.02%, 0, 1, 6, 6968.33
1684412595, 2766, 14, 25, 0, 0, 0.02%, 0, 1, 6, 7146.67
1684412600, 2780, 5, 25, 0, 0, 0.02%, 0, 1, 6, 7299.79
1684412605, 2796, 14, 25, 0, 0, 0.02%, 0, 1, 6, 7063.49
1684412610, 2813, 5, 25, 0, 0, 0.02%, 0, 1, 6, 7248.42
1684412615, 2826, 18, 25, 0, 0, 0.02%, 0, 1, 6, 7327.88
1684412620, 2838, 8, 25, 0, 0, 0.02%, 0, 1, 6, 7236.96
1684412625, 2853, 5, 25, 0, 0, 0.02%, 0, 1, 6, 7252.48
1684412630, 2869, 14, 25, 0, 0, 0.02%, 0, 1, 6, 7119.81
1684412636, 2882, 5, 25, 0, 0, 0.02%, 0, 1, 6, 7044.69
1684412641, 2897, 22, 25, 0, 0, 0.02%, 0, 1, 6, 6744.61
1684412646, 2909, 16, 25, 0, 0, 0.02%, 0, 1, 6, 6923.04
1684412651, 2924, 24, 25, 0, 0, 0.02%, 0, 1, 6, 6914.11
1684412656, 2938, 15, 25, 0, 0, 0.02%, 0, 1, 6, 7004.93
1684412661, 2956, 13, 25, 0, 0, 0.02%, 0, 1, 6, 6866.44
1684412666, 2971, 5, 25, 0, 0, 0.02%, 0, 1, 6, 6909.75
1684412672, 2983, 22, 25, 0, 0, 0.02%, 0, 1, 6, 6976.25
1684412677, 2999, 17, 25, 0, 0, 0.02%, 0, 1, 6, 6619.65
1684412682, 3013, 24, 25, 0, 0, 0.02%, 0, 1, 6, 6538.97
1684412687, 3025, 24, 25, 0, 0, 0.02%, 0, 2, 6, 6696.55
1684412692, 3037, 23, 25, 0, 0, 0.02%, 0, 2, 6, 6881.79
1684412697, 3054, 19, 25, 0, 0, 0.02%, 0, 2, 6, 6801.79
1684412702, 3064, 24, 25, 0, 0, 0.02%, 0, 2, 6, 7085.46
1684412708, 3083, 22, 25, 0, 0, 0.02%, 0, 2, 6, 7159.55
1684412713, 3096, 18, 25, 0, 0, 0.02%, 0, 2, 6, 7075.37
1684412718, 3109, 24, 25, 0, 0, 0.02%, 0, 2, 6, 6326.73
1684412723, 3117, 7, 25, 0, 0, 0.02%, 0, 2, 6, 6159.55
1684412728, 3131, 5, 25, 0, 0, 0.02%, 0, 2, 6, 6984.70
1684412733, 3146, 16, 25, 0, 0, 0.02%, 0, 2, 6, 7121.21
1684412738, 3159, 22, 25, 0, 0, 0.02%, 0, 2, 6, 6976.79
1684412744, 3172, 14, 25, 0, 0, 0.02%, 0, 2, 6, 6329.61
1684412749, 3188, 21, 25, 0, 0, 0.02%, 0, 2, 6, 6928.07
1684412754, 3202, 24, 25, 0, 0, 0.02%, 0, 2, 6, 7185.78
1684412759, 3219, 23, 25, 0, 0, 0.02%, 0, 2, 6, 6277.09
1684412764, 3234, 14, 25, 0, 0, 0.02%, 0, 2, 6, 6886.93
1684412769, 3247, 11, 25, 0, 0, 0.02%, 0, 2, 6, 7067.34
1684412774, 3260, 18, 25, 0, 0, 0.02%, 0, 2, 6, 6804.00
1684412779, 3276, 24, 25, 0, 0, 0.02%, 0, 2, 6, 6747.02
1684412785, 3287, 24, 25, 0, 0, 0.02%, 0, 2, 6, 6598.55
1684412790, 3305, 5, 25, 0, 0, 0.02%, 0, 2, 6, 6540.56
1684412795, 3318, 24, 25, 0, 0, 0.02%, 0, 2, 6, 6791.13
1684412800, 3335, 14, 25, 0, 0, 0.02%, 0, 2, 6, 6972.22
1684412805, 3347, 14, 25, 0, 0, 0.02%, 0, 2, 6, 7151.07
1684412810, 3360, 14, 25, 0, 0, 0.02%, 0, 2, 6, 7043.72
1684412815, 3376, 18, 25, 0, 0, 0.02%, 0, 2, 6, 6956.49
1684412820, 3392, 14, 25, 0, 0, 0.02%, 0, 2, 6, 7030.78
1684412826, 3409, 5, 25, 0, 0, 0.02%, 0, 2, 6, 6976.48
1684412831, 3424, 6, 25, 0, 0, 0.02%, 0, 2, 6, 6841.98
1684412836, 3443, 14, 25, 0, 0, 0.02%, 0, 2, 6, 6961.67
1684412841, 3461, 5, 25, 0, 0, 0.02%, 0, 2, 6, 7444.31
1684412846, 3479, 5, 25, 0, 0, 0.02%, 0, 2, 6, 7296.49
1684412851, 3496, 18, 25, 0, 0, 0.02%, 0, 2, 6, 7274.83
1684412856, 3510, 6, 25, 0, 0, 0.02%, 0, 2, 6, 7469.39
1684412861, 3522, 5, 25, 0, 0, 0.02%, 0, 2, 6, 6966.57
1684412867, 3540, 5, 25, 0, 0, 0.02%, 0, 2, 6, 7012.21
1684412872, 3557, 24, 25, 0, 0, 0.02%, 0, 2, 6, 7045.40
1684412877, 3570, 23, 25, 0, 0, 0.02%, 0, 2, 6, 6924.33
1684412882, 3585, 5, 25, 0, 0, 0.02%, 0, 2, 6, 6910.89
1684412887, 3597, 5, 25, 0, 0, 0.02%, 0, 2, 6, 7029.36
1684412892, 3612, 14, 25, 0, 0, 0.02%, 0, 2, 6, 6797.41
1684412897, 3628, 14, 25, 0, 0, 0.02%, 0, 2, 6, 6655.94
1684412903, 3641, 14, 25, 0, 0, 0.02%, 0, 2, 6, 6954.86
1684412908, 3655, 13, 25, 0, 0, 0.02%, 0, 2, 6, 6639.91
1684412913, 3672, 22, 25, 0, 0, 0.02%, 0, 2, 6, 6897.24
1684412918, 3685, 17, 25, 0, 0, 0.02%, 0, 2, 6, 7069.05
1684412923, 3701, 5, 25, 0, 0, 0.02%, 0, 2, 6, 7016.75
1684412928, 3714, 3, 25, 0, 0, 0.02%, 0, 2, 6, 6962.53
1684412933, 3726, 20, 25, 0, 0, 0.02%, 0, 2, 6, 7034.96
1684412939, 3741, 24, 25, 0, 0, 0.02%, 0, 2, 6, 6802.36
1684412944, 3757, 14, 25, 0, 0, 0.02%, 0, 2, 6, 7079.47
1684412949, 3774, 5, 25, 0, 0, 0.02%, 0, 2, 6, 6893.64
1684412954, 3785, 22, 25, 0, 0, 0.02%, 0, 2, 6, 6952.44
1684412959, 3799, 14, 25, 0, 0, 0.02%, 0, 2, 6, 7187.75
1684412964, 3813, 14, 25, 0, 0, 0.02%, 0, 2, 6, 7034.65
1684412969, 3826, 14, 25, 0, 0, 0.02%, 0, 2, 6, 7017.89
1684412975, 3840, 5, 25, 0, 0, 0.02%, 0, 2, 6, 6894.27
1684412980, 3854, 5, 25, 0, 0, 0.02%, 0, 2, 6, 6929.63
1684412985, 3866, 14, 25, 0, 0, 0.02%, 0, 2, 6, 6807.67
1684412990, 3878, 20, 25, 0, 0, 0.02%, 0, 2, 6, 6925.00
1684412995, 3888, 24, 25, 0, 0, 0.02%, 0, 2, 6, 6360.75
1684413000, 3904, 14, 25, 0, 0, 0.02%, 0, 2, 6, 6889.44
1684413006, 3913, 24, 25, 0, 0, 0.02%, 0, 2, 6, 7001.81
1684413011, 3928, 5, 25, 0, 0, 0.02%, 0, 2, 6, 6813.58
1684413016, 3942, 3, 25, 0, 0, 0.02%, 0, 2, 6, 7101.69
1684413021, 3961, 14, 25, 0, 0, 0.02%, 0, 2, 6, 7244.85
1684413026, 3977, 14, 25, 0, 0, 0.02%, 0, 2, 6, 6907.51
1684413031, 3985, 14, 25, 0, 0, 0.02%, 0, 2, 6, 6698.52
1684413036, 4002, 5, 25, 0, 0, 0.02%, 0, 2, 6, 7099.76
1684413041, 4020, 23, 25, 0, 0, 0.02%, 0, 2, 6, 6498.48
1684413047, 4033, 24, 25, 0, 0, 0.02%, 0, 2, 6, 6766.51
1684413052, 4047, 17, 25, 0, 0, 0.02%, 0, 2, 6, 7044.64
1684413057, 4063, 17, 25, 0, 0, 0.02%, 0, 2, 6, 7217.21
1684413062, 4079, 20, 25, 0, 0, 0.02%, 0, 2, 6, 7347.51
